V01301 V04001 V04002 V04003 V12001_701 V13003_701
53614 2018 2 1 -8.2000 36.5000 
53614 2018 2 2 -11.2000 33.0000 
53614 2018 2 3 -10.7000 33.8000 
53614 2018 2 4 -10.2000 34.3000 
53614 2018 2 5 -8.9000 32.8000 
53614 2018 2 6 -8.0000 33.0000 
53614 2018 2 7 -7.2000 33.3000 
53614 2018 2 8 -5.0000 32.0000 
53614 2018 2 9 -3.1000 21.5000 
53614 2018 2 10 -7.9000 25.8000 
53614 2018 2 11 -8.6000 23.3000 
53614 2018 2 12 -6.6000 30.5000 
53614 2018 2 13 -1.6000 28.5000 
53614 2018 2 14 -1.0000 22.5000 
53614 2018 2 15 -2.3000 31.3000 
53614 2018 2 16 -1.8000 34.0000 
53614 2018 2 17 0.3000 37.0000 
53614 2018 2 18 -0.3000 39.5000 
53614 2018 2 19 -0.1000 32.8000 
53614 2018 2 20 -4.2000 57.8000 
53614 2018 2 21 -3.2000 47.5000 
53614 2018 2 22 1.0000 17.0000 
53614 2018 2 23 -0.4000 25.3000 
53614 2018 2 24 1.0000 33.5000 
53614 2018 2 25 4.4000 29.0000 
53614 2018 2 26 6.4000 16.3000 
53614 2018 2 27 5.3000 30.8000 
53614 2018 2 28 6.6000 26.5000 
53614 2018 3 1 3.1000 33.3000 
53614 2018 3 2 8.7000 24.8000 
53614 2018 3 3 8.8000 23.3000 
53614 2018 3 4 7.0000 22.0000 
53614 2018 3 5 4.3000 23.0000 
53614 2018 3 6 6.9000 37.0000 
53614 2018 3 7 5.8000 30.5000 
53614 2018 3 8 2.6000 35.5000 
53614 2018 3 9 5.9000 31.3000 
53614 2018 3 10 7.1000 33.3000 
53614 2018 3 11 10.0000 25.5000 
53614 2018 3 12 12.3000 18.0000 
53614 2018 3 13 12.4000 26.3000 
53614 2018 3 14 13.4000 29.0000 
53614 2018 3 15 5.8000 38.5000 
53614 2018 3 16 6.8000 33.5000 
53614 2018 3 17 8.1000 65.8000 
53614 2018 3 18 7.5000 65.8000 
53614 2018 3 19 9.1000 59.0000 
53614 2018 3 20 9.0000 52.0000 
53614 2018 3 21 7.8000 54.5000 
53614 2018 3 22 9.1000 45.5000 
53614 2018 3 23 10.6000 32.5000 
53614 2018 3 24 10.6000 27.3000 
53614 2018 3 25 12.7000 30.3000 
53614 2018 3 26 15.2000 19.5000 
53614 2018 3 27 16.8000 17.3000 
53614 2018 3 28 16.7000 21.8000 
53614 2018 3 29 18.7000 24.3000 
53614 2018 3 30 17.3000 17.3000 
53614 2018 3 31 14.4000 29.5000 
53614 2018 4 1 16.1000 20.3000 
53614 2018 4 2 19.2000 14.5000 
53614 2018 4 3 14.4000 26.8000 
53614 2018 4 4 12.8000 30.5000 
53614 2018 4 5 7.2000 14.3000 
53614 2018 4 6 3.1000 23.8000 
53614 2018 4 7 7.9000 15.0000 
53614 2018 4 8 13.3000 11.8000 
53614 2018 4 9 15.0000 18.0000 
53614 2018 4 10 17.0000 11.8000 
53614 2018 4 11 13.1000 24.3000 
53614 2018 4 12 12.0000 46.3000 
53614 2018 4 13 9.2000 42.0000 
53614 2018 4 14 8.7000 27.3000 
53614 2018 4 15 10.5000 31.5000 
53614 2018 4 16 13.8000 27.5000 
53614 2018 4 17 16.6000 27.3000 
53614 2018 4 18 19.1000 32.8000 
53614 2018 4 19 22.9000 38.8000 
53614 2018 4 20 17.4000 57.5000 
53614 2018 4 21 16.0000 55.0000 
53614 2018 4 22 17.7000 51.3000 
53614 2018 4 23 12.6000 52.5000 
53614 2018 4 24 11.4000 65.3000 
53614 2018 4 25 14.9000 48.5000 
53614 2018 4 26 17.2000 37.0000 
53614 2018 4 27 17.6000 32.8000 
53614 2018 4 28 20.1000 30.0000 
53614 2018 4 29 19.9000 31.8000 
53614 2018 4 30 17.2000 31.8000 
53614 2018 5 1 15.6000 29.8000 
53614 2018 5 2 13.9000 28.8000 
53614 2018 5 3 17.3000 35.0000 
53614 2018 5 4 21.6000 34.5000 
53614 2018 5 5 18.0000 18.0000 
53614 2018 5 6 15.8000 33.3000 
53614 2018 5 7 18.7000 30.8000 
53614 2018 5 8 19.3000 41.8000 
53614 2018 5 9 17.9000 34.3000 
53614 2018 5 10 13.3000 73.5000 
53614 2018 5 11 17.0000 49.3000 
53614 2018 5 12 20.5000 25.8000 
53614 2018 5 13 24.0000 27.8000 
53614 2018 5 14 24.4000 42.5000 
53614 2018 5 15 24.5000 44.0000 
53614 2018 5 16 23.5000 30.0000 
53614 2018 5 17 21.6000 44.3000 
53614 2018 5 18 22.7000 24.5000 
53614 2018 5 19 19.6000 56.8000 
53614 2018 5 20 21.1000 57.5000 
53614 2018 5 21 16.9000 57.3000 
53614 2018 5 22 17.1000 16.8000 
53614 2018 5 23 18.1000 29.8000 
53614 2018 5 24 22.1000 34.5000 
53614 2018 5 25 22.5000 34.5000 
53614 2018 5 26 16.5000 36.3000 
53614 2018 5 27 19.6000 22.3000 
53614 2018 5 28 21.6000 22.3000 
53614 2018 5 29 21.0000 25.5000 
53614 2018 5 30 21.5000 28.0000 
53614 2018 5 31 23.8000 24.0000 
53614 2018 6 1 22.8000 39.0000 
53614 2018 6 2 22.2000 39.8000 
53614 2018 6 3 21.9000 26.8000 
53614 2018 6 4 21.7000 24.0000 
53614 2018 6 5 23.7000 26.0000 
53614 2018 6 6 20.8000 34.3000 
53614 2018 6 7 19.4000 45.5000 
53614 2018 6 8 20.5000 42.0000 
53614 2018 6 9 20.3000 44.5000 
53614 2018 6 10 22.3000 34.8000 
53614 2018 6 11 23.1000 36.0000 
53614 2018 6 12 24.1000 37.3000 
53614 2018 6 13 24.7000 22.5000 
53614 2018 6 14 25.0000 30.8000 
53614 2018 6 15 25.7000 36.3000 
53614 2018 6 16 19.2000 75.8000 
53614 2018 6 17 19.8000 73.0000 
53614 2018 6 18 22.8000 63.0000 
53614 2018 6 19 24.2000 41.3000 
53614 2018 6 20 25.1000 42.3000 
53614 2018 6 21 23.6000 58.3000 
53614 2018 6 22 26.1000 49.0000 
53614 2018 6 23 27.7000 39.0000 
53614 2018 6 24 24.5000 51.3000 
53614 2018 6 25 24.2000 63.8000 
53614 2018 6 26 25.9000 54.3000 
53614 2018 6 27 28.2000 30.8000 
53614 2018 6 28 26.7000 30.5000 
53614 2018 6 29 26.9000 38.5000 
53614 2018 6 30 27.2000 43.5000 
53614 2018 7 1 22.2000 75.8000 
53614 2018 7 2 22.4000 75.5000 
53614 2018 7 3 22.4000 68.0000 
53614 2018 7 4 24.0000 54.3000 
53614 2018 7 5 26.1000 53.0000 
53614 2018 7 6 25.1000 56.5000 
53614 2018 7 7 23.7000 61.3000 
53614 2018 7 8 23.4000 60.0000 
53614 2018 7 9 23.8000 54.5000 
53614 2018 7 10 21.2000 67.0000 
53614 2018 7 11 24.8000 52.5000 
53614 2018 7 12 27.2000 47.0000 
53614 2018 7 13 27.4000 51.5000 
53614 2018 7 14 27.7000 56.3000 
53614 2018 7 15 25.4000 60.0000 
53614 2018 7 16 27.0000 54.3000 
53614 2018 7 17 29.0000 52.3000 
53614 2018 7 18 29.3000 52.5000 
53614 2018 7 19 28.0000 57.3000 
53614 2018 7 20 22.2000 81.3000 
53614 2018 7 21 22.0000 71.5000 
53614 2018 7 22 24.9000 71.3000 
53614 2018 7 23 22.3000 75.8000 
53614 2018 7 24 23.0000 66.8000 
53614 2018 7 25 25.2000 62.0000 
53614 2018 7 26 26.8000 55.8000 
53614 2018 7 27 28.9000 51.5000 
53614 2018 7 28 28.1000 58.0000 
53614 2018 7 29 27.8000 58.3000 
53614 2018 7 30 29.1000 58.3000 
53614 2018 7 31 27.8000 56.0000 
53614 2018 8 1 26.8000 58.8000 
53614 2018 8 2 27.8000 55.5000 
53614 2018 8 3 27.5000 58.3000 
53614 2018 8 4 28.4000 55.5000 
53614 2018 8 5 29.7000 45.3000 
53614 2018 8 6 25.7000 63.8000 
53614 2018 8 7 23.5000 77.3000 
53614 2018 8 8 23.8000 78.0000 
53614 2018 8 9 23.8000 81.5000 
53614 2018 8 10 22.0000 83.8000 
53614 2018 8 11 24.0000 76.0000 
53614 2018 8 12 24.9000 65.0000 
53614 2018 8 13 23.5000 71.5000 
53614 2018 8 14 24.5000 66.5000 
53614 2018 8 15 26.2000 63.8000 
53614 2018 8 16 22.8000 62.0000 
53614 2018 8 17 18.7000 82.3000 
53614 2018 8 18 21.0000 76.3000 
53614 2018 8 19 24.4000 70.5000 
53614 2018 8 20 23.6000 72.5000 
53614 2018 8 21 20.0000 78.5000 
53614 2018 8 22 19.5000 73.0000 
53614 2018 8 23 22.0000 66.0000 
53614 2018 8 24 23.3000 51.8000 
53614 2018 8 25 22.7000 61.5000 
53614 2018 8 26 22.8000 67.3000 
53614 2018 8 27 23.9000 62.0000 
53614 2018 8 28 22.8000 65.0000 
53614 2018 8 29 25.0000 54.5000 
53614 2018 8 30 22.3000 71.5000 
53614 2018 8 31 20.4000 85.0000 
53614 2018 9 1 19.9000 89.8000 
53614 2018 9 2 18.8000 82.0000 
53614 2018 9 3 19.3000 57.3000 
53614 2018 9 4 19.1000 53.5000 
53614 2018 9 5 21.5000 50.3000 
53614 2018 9 6 17.8000 29.3000 
53614 2018 9 7 14.6000 47.3000 
53614 2018 9 8 15.4000 50.8000 
53614 2018 9 9 14.4000 66.0000 
53614 2018 9 10 17.3000 68.5000 
53614 2018 9 11 17.8000 66.8000 
53614 2018 9 12 18.7000 61.3000 
53614 2018 9 13 18.7000 63.5000 
53614 2018 9 14 16.9000 56.3000 
53614 2018 9 15 13.7000 47.8000 
53614 2018 9 16 12.7000 60.8000 
53614 2018 9 17 12.6000 76.8000 
53614 2018 9 18 14.5000 77.5000 
53614 2018 9 19 17.6000 67.0000 
53614 2018 9 20 15.8000 51.0000 
53614 2018 9 21 13.7000 30.5000 
53614 2018 9 22 11.6000 44.8000 
53614 2018 9 23 12.3000 44.5000 
53614 2018 9 24 14.3000 48.0000 
53614 2018 9 25 17.4000 62.0000 
53614 2018 9 26 17.0000 59.5000 
53614 2018 9 27 14.7000 54.8000 
53614 2018 9 28 12.2000 49.3000 
53614 2018 9 29 12.3000 45.3000 
53614 2018 9 30 11.3000 39.8000 
53614 2018 10 1 9.7000 52.3000 
53614 2018 10 2 9.4000 59.8000 
53614 2018 10 3 10.8000 60.3000 
53614 2018 10 4 14.1000 47.3000 
53614 2018 10 5 11.8000 40.8000 
53614 2018 10 6 8.0000 33.0000 
53614 2018 10 7 7.2000 57.3000 
53614 2018 10 8 8.9000 45.5000 
53614 2018 10 9 6.9000 39.8000 
53614 2018 10 10 7.4000 44.0000 
53614 2018 10 11 8.5000 37.0000 
53614 2018 10 12 9.2000 42.8000 
53614 2018 10 13 10.0000 52.8000 
53614 2018 10 14 11.4000 61.3000 
53614 2018 10 15 9.9000 64.3000 
53614 2018 10 16 9.5000 55.5000 
53614 2018 10 17 10.7000 49.8000 
53614 2018 10 18 11.7000 70.0000 
53614 2018 10 19 11.0000 73.0000 
53614 2018 10 20 9.3000 79.0000 
53614 2018 10 21 9.4000 72.3000 
53614 2018 10 22 8.9000 36.3000 
53614 2018 10 23 6.4000 58.3000 
53614 2018 10 24 8.2000 58.0000 
53614 2018 10 25 10.4000 14.0000 
53614 2018 10 26 4.3000 32.0000 
53614 2018 10 27 5.0000 39.3000 
53614 2018 10 28 5.8000 42.5000 
53614 2018 10 29 8.8000 37.5000 
53614 2018 10 30 12.0000 16.3000 
53614 2018 10 31 6.7000 37.0000 
53614 2018 11 1 6.3000 51.3000 
53614 2018 11 2 8.1000 55.3000 
53614 2018 11 3 6.1000 66.0000 
53614 2018 11 4 4.1000 67.0000 
53614 2018 11 5 3.8000 66.0000 
53614 2018 11 6 3.1000 45.8000 
53614 2018 11 7 3.0000 44.3000 
53614 2018 11 8 3.6000 49.3000 
53614 2018 11 9 4.1000 41.8000 
53614 2018 11 10 5.4000 48.0000 
53614 2018 11 11 2.9000 60.5000 
53614 2018 11 12 4.1000 60.0000 
53614 2018 11 13 4.8000 67.0000 
53614 2018 11 14 4.1000 52.8000 
53614 2018 11 15 0.7000 46.8000 
53614 2018 11 16 -1.4000 65.5000 
53614 2018 11 17 -1.1000 67.3000 
53614 2018 11 18 -0.5000 49.0000 
53614 2018 11 19 1.3000 49.3000 
53614 2018 11 20 -0.6000 44.5000 
53614 2018 11 21 -2.3000 46.0000 
53614 2018 11 22 -2.5000 56.0000 
53614 2018 11 23 -1.0000 52.3000 
53614 2018 11 24 0.3000 52.0000 
53614 2018 11 25 1.1000 52.5000 
53614 2018 11 26 4.2000 33.0000 
53614 2018 11 27 0.6000 44.3000 
53614 2018 11 28 1.0000 45.3000 
53614 2018 11 29 0.4000 52.0000 
53614 2018 11 30 1.9000 47.3000 
53614 2018 12 1 2.8000 55.5000 
53614 2018 12 2 0.2000 44.5000 
53614 2018 12 3 -3.1000 38.8000 
53614 2018 12 4 -6.1000 42.5000 
53614 2018 12 5 -4.1000 43.5000 
53614 2018 12 6 -8.7000 32.3000 
53614 2018 12 7 -13.5000 38.3000 
53614 2018 12 8 -13.8000 34.0000 
53614 2018 12 9 -10.7000 46.3000 
53614 2018 12 10 -8.5000 35.0000 
53614 2018 12 11 -11.6000 34.5000 
53614 2018 12 12 -9.8000 41.3000 
53614 2018 12 13 -8.2000 46.3000 
53614 2018 12 14 -6.1000 40.3000 
53614 2018 12 15 -4.5000 42.3000 
53614 2018 12 16 -0.8000 33.8000 
53614 2018 12 17 -4.6000 50.8000 
53614 2018 12 18 -3.0000 45.0000 
53614 2018 12 19 -2.7000 38.3000 
53614 2018 12 20 -3.1000 41.0000 
53614 2018 12 21 -5.3000 54.5000 
53614 2018 12 22 -4.7000 51.0000 
53614 2018 12 23 -9.6000 26.8000 
53614 2018 12 24 -8.6000 44.0000 
53614 2018 12 25 -6.6000 49.5000 
53614 2018 12 26 -7.1000 41.5000 
53614 2018 12 27 -13.4000 24.0000 
53614 2018 12 28 -15.3000 21.0000 
53614 2018 12 29 -13.7000 34.0000 
53614 2018 12 30 -11.4000 35.3000 
53614 2018 12 31 -9.9000 40.3000 
53614 2019 1 1 -10.4000 41.8000 
53614 2019 1 2 -8.2000 45.8000 
53614 2019 1 3 -7.8000 50.3000 
53614 2019 1 4 -8.4000 44.5000 
53614 2019 1 5 -6.8000 43.5000 
53614 2019 1 6 -6.2000 40.5000 
53614 2019 1 7 -5.9000 38.8000 
53614 2019 1 8 -8.2000 50.8000 
53614 2019 1 9 -7.5000 50.0000 
53614 2019 1 10 -8.3000 54.0000 
53614 2019 1 11 -8.2000 60.5000 
53614 2019 1 12 -5.8000 55.5000 
53614 2019 1 13 -5.7000 52.8000 
53614 2019 1 14 -6.3000 56.0000 
53614 2019 1 15 -11.6000 29.5000 
53614 2019 1 16 -10.6000 33.8000 
53614 2019 1 17 -8.8000 45.5000 
53614 2019 1 18 -4.9000 41.8000 
53614 2019 1 19 -3.5000 39.8000 
53614 2019 1 20 -7.1000 36.3000 
53614 2019 1 21 -8.2000 44.3000 
53614 2019 1 22 -6.5000 42.3000 
53614 2019 1 23 -4.9000 37.0000 
53614 2019 1 24 -4.3000 30.8000 
53614 2019 1 25 -5.3000 30.8000 
53614 2019 1 26 -5.6000 34.3000 
53614 2019 1 27 -3.8000 34.3000 
53614 2019 1 28 -4.7000 36.8000 
53614 2019 1 29 -2.1000 33.3000 
53614 2019 1 30 -5.9000 24.5000 
53614 2019 1 31 -8.3000 55.3000 
53614 2019 2 1 -7.8000 47.5000 
53723 2018 2 1 -9.3000 32.8000 
53723 2018 2 2 -14.7000 39.5000 
53723 2018 2 3 -14.4000 33.5000 
53723 2018 2 4 -13.0000 30.8000 
53723 2018 2 5 -11.4000 30.0000 
53723 2018 2 6 -10.3000 29.3000 
53723 2018 2 7 -9.7000 34.3000 
53723 2018 2 8 -5.9000 28.3000 
53723 2018 2 9 -5.5000 28.8000 
53723 2018 2 10 -9.5000 32.3000 
53723 2018 2 11 -11.9000 28.5000 
53723 2018 2 12 -8.2000 27.0000 
53723 2018 2 13 1.5000 18.5000 
53723 2018 2 14 -2.6000 20.5000 
53723 2018 2 15 -3.2000 27.0000 
53723 2018 2 16 -2.0000 26.8000 
53723 2018 2 17 -1.3000 35.5000 
53723 2018 2 18 -1.3000 40.5000 
53723 2018 2 19 -1.0000 34.8000 
53723 2018 2 20 -6.2000 54.5000 
53723 2018 2 21 -3.9000 51.5000 
53723 2018 2 22 -2.0000 25.5000 
53723 2018 2 23 0.1000 20.3000 
53723 2018 2 24 -2.0000 35.8000 
53723 2018 2 25 1.7000 34.5000 
53723 2018 2 26 1.9000 21.0000 
53723 2018 2 27 4.1000 34.0000 
53723 2018 2 28 6.2000 26.5000 
53723 2018 3 1 3.2000 32.0000 
53723 2018 3 2 7.6000 28.8000 
53723 2018 3 3 9.0000 36.8000 
53723 2018 3 4 5.6000 22.8000 
53723 2018 3 5 3.4000 28.3000 
53723 2018 3 6 6.0000 61.8000 
53723 2018 3 7 3.7000 42.0000 
53723 2018 3 8 0.2000 35.3000 
53723 2018 3 9 4.7000 30.5000 
53723 2018 3 10 5.7000 20.5000 
53723 2018 3 11 8.7000 32.0000 
53723 2018 3 12 11.0000 28.5000 
53723 2018 3 13 12.1000 24.8000 
53723 2018 3 14 16.3000 17.0000 
53723 2018 3 15 5.8000 36.0000 
53723 2018 3 16 8.7000 47.8000 
53723 2018 3 17 7.3000 67.0000 
53723 2018 3 18 5.8000 67.5000 
53723 2018 3 19 7.0000 56.5000 
53723 2018 3 20 6.7000 56.8000 
53723 2018 3 21 5.4000 61.0000 
53723 2018 3 22 7.6000 45.0000 
53723 2018 3 23 8.9000 29.5000 
53723 2018 3 24 8.2000 25.8000 
53723 2018 3 25 10.0000 36.5000 
53723 2018 3 26 12.6000 27.8000 
53723 2018 3 27 15.1000 17.0000 
53723 2018 3 28 15.3000 19.0000 
53723 2018 3 29 15.2000 26.8000 
53723 2018 3 30 16.7000 25.8000 
53723 2018 3 31 13.3000 28.5000 
53723 2018 4 1 14.9000 25.3000 
53723 2018 4 2 18.9000 20.3000 
53723 2018 4 3 12.6000 29.8000 
53723 2018 4 4 11.0000 34.3000 
53723 2018 4 5 6.4000 19.3000 
53723 2018 4 6 0.3000 31.0000 
53723 2018 4 7 6.0000 13.8000 
53723 2018 4 8 12.2000 8.0000 
53723 2018 4 9 14.1000 12.3000 
53723 2018 4 10 14.5000 15.3000 
53723 2018 4 11 11.6000 24.8000 
53723 2018 4 12 11.7000 71.0000 
53723 2018 4 13 7.2000 53.0000 
53723 2018 4 14 6.3000 35.0000 
53723 2018 4 15 8.1000 48.5000 
53723 2018 4 16 11.9000 41.3000 
53723 2018 4 17 16.8000 29.3000 
53723 2018 4 18 18.9000 37.5000 
53723 2018 4 19 21.9000 38.0000 
53723 2018 4 20 17.2000 56.3000 
53723 2018 4 21 14.5000 59.0000 
53723 2018 4 22 16.3000 57.8000 
53723 2018 4 23 12.7000 51.8000 
53723 2018 4 24 10.1000 58.0000 
53723 2018 4 25 13.4000 45.0000 
53723 2018 4 26 16.3000 31.5000 
53723 2018 4 27 17.3000 26.8000 
53723 2018 4 28 19.1000 30.0000 
53723 2018 4 29 18.9000 28.3000 
53723 2018 4 30 16.2000 29.5000 
53723 2018 5 1 999999.0000 999999.0000 
53723 2018 5 2 11.6000 24.8000 
53723 2018 5 3 15.5000 31.0000 
53723 2018 5 4 20.0000 39.3000 
53723 2018 5 5 16.7000 20.0000 
53723 2018 5 6 15.9000 33.0000 
53723 2018 5 7 16.4000 39.5000 
53723 2018 5 8 16.5000 43.0000 
53723 2018 5 9 15.5000 53.5000 
53723 2018 5 10 11.1000 80.3000 
53723 2018 5 11 14.8000 55.0000 
53723 2018 5 12 17.9000 32.5000 
53723 2018 5 13 22.3000 35.5000 
53723 2018 5 14 24.4000 33.5000 
53723 2018 5 15 24.0000 40.0000 
53723 2018 5 16 22.5000 39.0000 
53723 2018 5 17 20.5000 44.0000 
53723 2018 5 18 22.6000 23.8000 
53723 2018 5 19 16.5000 67.0000 
53723 2018 5 20 18.1000 70.5000 
53723 2018 5 21 12.9000 86.3000 
53723 2018 5 22 13.6000 35.8000 
53723 2018 5 23 16.4000 46.8000 
53723 2018 5 24 19.7000 47.0000 
53723 2018 5 25 22.9000 42.0000 
53723 2018 5 26 14.0000 51.8000 
53723 2018 5 27 17.5000 30.5000 
53723 2018 5 28 21.2000 21.5000 
53723 2018 5 29 19.9000 25.8000 
53723 2018 5 30 19.1000 28.5000 
53723 2018 5 31 21.2000 36.8000 
53723 2018 6 1 20.6000 36.5000 
53723 2018 6 2 20.4000 48.5000 
53723 2018 6 3 19.0000 35.8000 
53723 2018 6 4 21.2000 26.8000 
53723 2018 6 5 24.5000 21.5000 
53723 2018 6 6 21.7000 29.3000 
53723 2018 6 7 20.0000 34.3000 
53723 2018 6 8 17.9000 46.0000 
53723 2018 6 9 18.7000 44.0000 
53723 2018 6 10 22.2000 30.0000 
53723 2018 6 11 23.7000 23.5000 
53723 2018 6 12 24.8000 25.8000 
53723 2018 6 13 23.9000 20.8000 
53723 2018 6 14 23.4000 23.3000 
53723 2018 6 15 22.9000 39.5000 
53723 2018 6 16 18.8000 74.5000 
53723 2018 6 17 18.7000 82.5000 
53723 2018 6 18 20.6000 74.0000 
53723 2018 6 19 22.4000 58.8000 
53723 2018 6 20 22.6000 54.8000 
53723 2018 6 21 19.8000 73.8000 
53723 2018 6 22 23.0000 58.8000 
53723 2018 6 23 24.3000 53.5000 
53723 2018 6 24 24.2000 56.0000 
53723 2018 6 25 22.2000 74.3000 
53723 2018 6 26 24.9000 54.3000 
53723 2018 6 27 25.2000 44.3000 
53723 2018 6 28 23.6000 37.5000 
53723 2018 6 29 21.0000 59.3000 
53723 2018 6 30 23.7000 64.3000 
53723 2018 7 1 20.6000 82.5000 
53723 2018 7 2 20.0000 82.5000 
53723 2018 7 3 21.2000 79.0000 
53723 2018 7 4 22.2000 64.5000 
53723 2018 7 5 24.4000 58.5000 
53723 2018 7 6 23.8000 63.8000 
53723 2018 7 7 22.9000 65.0000 
53723 2018 7 8 21.9000 68.5000 
53723 2018 7 9 21.5000 64.0000 
53723 2018 7 10 19.7000 79.3000 
53723 2018 7 11 22.7000 69.8000 
53723 2018 7 12 24.9000 59.0000 
53723 2018 7 13 25.4000 61.0000 
53723 2018 7 14 25.5000 65.0000 
53723 2018 7 15 25.2000 54.3000 
53723 2018 7 16 24.2000 63.8000 
53723 2018 7 17 26.6000 62.5000 
53723 2018 7 18 26.4000 62.3000 
53723 2018 7 19 25.1000 73.5000 
53723 2018 7 20 21.6000 78.5000 
53723 2018 7 21 19.4000 84.8000 
53723 2018 7 22 22.9000 80.3000 
53723 2018 7 23 23.5000 73.0000 
53723 2018 7 24 21.7000 70.5000 
53723 2018 7 25 24.2000 58.5000 
53723 2018 7 26 25.6000 58.0000 
53723 2018 7 27 26.4000 62.5000 
53723 2018 7 28 25.8000 63.3000 
53723 2018 7 29 26.9000 63.3000 
53723 2018 7 30 27.2000 57.8000 
53723 2018 7 31 24.7000 63.8000 
53723 2018 8 1 24.3000 65.8000 
53723 2018 8 2 25.8000 61.3000 
53723 2018 8 3 26.5000 58.0000 
53723 2018 8 4 27.2000 54.8000 
53723 2018 8 5 27.1000 48.8000 
53723 2018 8 6 25.8000 65.5000 
53723 2018 8 7 24.2000 70.5000 
53723 2018 8 8 23.3000 75.0000 
53723 2018 8 9 23.3000 78.8000 
53723 2018 8 10 23.4000 75.5000 
53723 2018 8 11 23.7000 72.0000 
53723 2018 8 12 22.5000 72.8000 
53723 2018 8 13 23.0000 73.5000 
53723 2018 8 14 23.4000 73.0000 
53723 2018 8 15 24.8000 68.0000 
53723 2018 8 16 22.5000 66.0000 
53723 2018 8 17 19.3000 78.5000 
53723 2018 8 18 20.9000 75.5000 
53723 2018 8 19 24.4000 64.0000 
53723 2018 8 20 21.6000 79.5000 
53723 2018 8 21 18.0000 85.5000 
53723 2018 8 22 19.3000 68.3000 
53723 2018 8 23 20.6000 63.0000 
53723 2018 8 24 21.9000 58.3000 
53723 2018 8 25 20.1000 68.5000 
53723 2018 8 26 21.3000 71.8000 
53723 2018 8 27 22.5000 63.5000 
53723 2018 8 28 22.9000 66.8000 
53723 2018 8 29 23.6000 68.3000 
53723 2018 8 30 21.2000 83.8000 
53723 2018 8 31 20.6000 90.0000 
53723 2018 9 1 20.3000 86.0000 
53723 2018 9 2 18.4000 70.8000 
53723 2018 9 3 18.9000 54.3000 
53723 2018 9 4 16.6000 64.3000 
53723 2018 9 5 19.4000 58.5000 
53723 2018 9 6 15.5000 39.8000 
53723 2018 9 7 12.3000 56.0000 
53723 2018 9 8 13.6000 51.5000 
53723 2018 9 9 13.2000 66.3000 
53723 2018 9 10 16.8000 73.3000 
53723 2018 9 11 17.8000 67.0000 
53723 2018 9 12 17.4000 70.8000 
53723 2018 9 13 15.6000 72.5000 
53723 2018 9 14 13.8000 73.0000 
53723 2018 9 15 11.2000 61.3000 
53723 2018 9 16 12.5000 56.5000 
53723 2018 9 17 10.4000 89.3000 
53723 2018 9 18 12.9000 93.3000 
53723 2018 9 19 14.8000 86.3000 
53723 2018 9 20 15.7000 61.0000 
53723 2018 9 21 11.9000 46.0000 
53723 2018 9 22 10.1000 49.5000 
53723 2018 9 23 11.4000 38.0000 
53723 2018 9 24 14.2000 54.3000 
53723 2018 9 25 13.8000 73.5000 
53723 2018 9 26 13.9000 69.0000 
53723 2018 9 27 12.5000 70.8000 
53723 2018 9 28 11.1000 51.5000 
53723 2018 9 29 11.7000 46.3000 
53723 2018 9 30 8.6000 54.5000 
53723 2018 10 1 7.3000 58.8000 
53723 2018 10 2 8.5000 49.3000 
53723 2018 10 3 10.1000 55.5000 
53723 2018 10 4 14.9000 46.5000 
53723 2018 10 5 12.4000 45.8000 
53723 2018 10 6 7.4000 41.5000 
53723 2018 10 7 6.8000 41.3000 
53723 2018 10 8 7.7000 38.3000 
53723 2018 10 9 5.0000 42.8000 
53723 2018 10 10 5.1000 41.5000 
53723 2018 10 11 6.8000 37.0000 
53723 2018 10 12 8.6000 53.3000 
53723 2018 10 13 9.7000 68.5000 
53723 2018 10 14 9.8000 78.8000 
53723 2018 10 15 7.5000 84.3000 
53723 2018 10 16 7.1000 63.0000 
53723 2018 10 17 9.4000 63.3000 
53723 2018 10 18 10.2000 83.0000 
53723 2018 10 19 8.7000 77.0000 
53723 2018 10 20 7.3000 83.5000 
53723 2018 10 21 8.0000 80.5000 
53723 2018 10 22 7.3000 45.5000 
53723 2018 10 23 7.0000 56.8000 
53723 2018 10 24 10.3000 55.8000 
53723 2018 10 25 7.6000 35.0000 
53723 2018 10 26 2.7000 31.8000 
53723 2018 10 27 3.5000 49.8000 
53723 2018 10 28 5.6000 37.8000 
53723 2018 10 29 8.3000 25.0000 
53723 2018 10 30 8.0000 30.5000 
53723 2018 10 31 6.1000 44.8000 
53723 2018 11 1 5.6000 54.8000 
53723 2018 11 2 10.6000 48.0000 
53723 2018 11 3 4.1000 63.8000 
53723 2018 11 4 1.7000 73.5000 
53723 2018 11 5 2.2000 65.8000 
53723 2018 11 6 1.5000 46.3000 
53723 2018 11 7 2.5000 40.8000 
53723 2018 11 8 2.7000 50.3000 
53723 2018 11 9 2.1000 49.0000 
53723 2018 11 10 2.4000 51.5000 
53723 2018 11 11 3.3000 59.3000 
53723 2018 11 12 4.2000 57.0000 
53723 2018 11 13 6.0000 59.3000 
53723 2018 11 14 2.3000 68.5000 
53723 2018 11 15 -0.7000 59.3000 
53723 2018 11 16 -4.7000 69.3000 
53723 2018 11 17 -2.3000 70.0000 
53723 2018 11 18 -1.5000 46.0000 
53723 2018 11 19 0.4000 48.0000 
53723 2018 11 20 -2.8000 47.5000 
53723 2018 11 21 -3.7000 51.3000 
53723 2018 11 22 -3.2000 50.3000 
53723 2018 11 23 1.3000 38.5000 
53723 2018 11 24 0.7000 37.3000 
53723 2018 11 25 2.7000 39.5000 
53723 2018 11 26 3.2000 30.0000 
53723 2018 11 27 1.8000 32.0000 
53723 2018 11 28 2.6000 39.3000 
53723 2018 11 29 0.4000 43.0000 
53723 2018 11 30 2.6000 39.0000 
53723 2018 12 1 3.3000 52.3000 
53723 2018 12 2 -0.1000 45.3000 
53723 2018 12 3 -4.9000 37.0000 
53723 2018 12 4 -6.2000 47.5000 
53723 2018 12 5 -5.0000 58.5000 
53723 2018 12 6 -11.5000 48.5000 
53723 2018 12 7 -15.2000 42.5000 
53723 2018 12 8 -14.6000 44.5000 
53723 2018 12 9 -7.7000 60.5000 
53723 2018 12 10 -10.5000 51.8000 
53723 2018 12 11 -15.4000 41.8000 
53723 2018 12 12 -11.5000 47.0000 
53723 2018 12 13 -9.2000 46.5000 
53723 2018 12 14 -7.8000 51.5000 
53723 2018 12 15 -3.6000 41.0000 
53723 2018 12 16 -1.5000 35.5000 
53723 2018 12 17 -3.9000 41.5000 
53723 2018 12 18 0.2000 22.5000 
53723 2018 12 19 -2.9000 33.3000 
53723 2018 12 20 -3.6000 42.0000 
53723 2018 12 21 -5.2000 50.8000 
53723 2018 12 22 -5.7000 46.0000 
53723 2018 12 23 -10.5000 37.0000 
53723 2018 12 24 -7.4000 55.5000 
53723 2018 12 25 -6.6000 44.8000 
53723 2018 12 26 -8.1000 45.3000 
53723 2018 12 27 -15.3000 29.3000 
53723 2018 12 28 -17.5000 22.8000 
53723 2018 12 29 -14.9000 25.5000 
53723 2018 12 30 -12.1000 36.3000 
53723 2018 12 31 -9.2000 42.8000 
53723 2019 1 1 -10.8000 43.3000 
53723 2019 1 2 -7.9000 52.8000 
53723 2019 1 3 -8.1000 51.8000 
53723 2019 1 4 -9.9000 45.0000 
53723 2019 1 5 -6.4000 40.5000 
53723 2019 1 6 -4.9000 45.5000 
53723 2019 1 7 -6.8000 35.8000 
53723 2019 1 8 -10.2000 49.3000 
53723 2019 1 9 -8.9000 51.5000 
53723 2019 1 10 -7.2000 51.8000 
53723 2019 1 11 -9.1000 57.8000 
53723 2019 1 12 -5.2000 47.5000 
53723 2019 1 13 -7.3000 48.0000 
53723 2019 1 14 -4.8000 44.8000 
53723 2019 1 15 -13.1000 36.8000 
53723 2019 1 16 -11.2000 40.5000 
53723 2019 1 17 -8.9000 53.5000 
53723 2019 1 18 -4.5000 40.8000 
53723 2019 1 19 -5.7000 50.3000 
53723 2019 1 20 -10.0000 45.0000 
53723 2019 1 21 -6.8000 44.8000 
53723 2019 1 22 -6.8000 41.8000 
53723 2019 1 23 -5.3000 33.8000 
53723 2019 1 24 -4.6000 35.0000 
53723 2019 1 25 -5.2000 31.0000 
53723 2019 1 26 -4.5000 31.8000 
53723 2019 1 27 -3.3000 34.0000 
53723 2019 1 28 -5.9000 38.8000 
53723 2019 1 29 -0.8000 31.8000 
53723 2019 1 30 -6.6000 41.3000 
53723 2019 1 31 -10.0000 67.8000 
53723 2019 2 1 -6.6000 57.0000 
